0.57735 -0.57735 0.57735
6.35085 -6.35085 6.35085
6.35085 -6.35085 6.35085
6.35085 -6.35085 6.35085
6.35085 -6.35085 6.35085
6.35085 -6.35085 6.35085
6.35085 -6.35085 6.35085
6.35085 -6.35085 6.35085
6.35085 -6.35085 6.35085
6.35085 -6.35085 6.35085
6.35085 -6.35085 6.35085
6.35085 -6.35085 6.35085
12.1244 -12.1244 12.1244
12.1244 -12.1244 12.1244
17.2005 -18.3885 6.20887
25.8658 -23.2492 5.07519
33.8435 -29.1439 3.80628
42.1225 -34.3964 1.83923
42.1225 -34.3964 1.83923
49.8312 -40.4498 -0.143568
57.364 -46.5196 -2.67647
57.364 -46.5196 -2.67647
66.0123 -51.0993 -4.73362
74.1244 -55.9749 -7.96219
74.1244 -55.9749 -7.96219
82.1797 -61.4133 -10.3151
88.7483 -53.8788 -10.0264
96.655 -59.551 -12.3311
105.389 -63.7901 -14.7288
113.954 -68.7264 -16.2383
121.212 -75.4409 -17.7302
129.923 -80.3515 -17.8571
138.163 -85.3682 -20.4907
138.163 -85.3682 -20.4907
146.083 -87.6665 -26.1467
147.158 -87.3872 -16.2086
147.158 -87.3872 -16.2086
155.517 -92.365 -18.5213
164.234 -97.1694 -19.4795
171.285 -103.92 -21.6521
171.285 -103.92 -21.6521
171.285 -103.92 -21.6521
179.193 -109.891 -22.9979
186.541 -116.531 -24.3847
193.876 -123.065 -26.2556
199.548 -130.565 -29.6581
206.902 -135.874 -33.87
211.325 -144.68 -35.5667
207.577 -139.538 -27.8524
200.592 -142.701 -21.4336
207.07 -138.282 -27.6394
207.07 -138.282 -27.6394
214.211 -135.897 -21.058
224.123 -136.169 -22.352
233.781 -136.491 -24.9238
243.195 -136.259 -28.2893
252.4 -134.906 -31.9561
260.256 -132.019 -37.4288
260.256 -132.019 -37.4288
270.115 -131.003 -38.7536
275.785 -127.127 -46.0219
281.74 -130.644 -53.2449
279.644 -123.435 -59.8504
270.958 -127.622 -62.5008
262.046 -130.999 -59.4718
262.046 -130.999 -59.4718
254.11 -124.96 -58.7282
244.161 -125.542 -57.9103
235.744 -130.818 -56.7639
226.691 -134.531 -58.8273
217.599 -138.564 -57.7952
208.087 -141.285 -56.343
208.087 -141.285 -56.343
198.561 -144.149 -55.3067
198.561 -144.149 -55.3067
188.796 -146.221 -55.8913
182.783 -140.032 -60.9449
185.264 -130.346 -61.0468
185.264 -130.346 -61.0468
177.097 -126.258 -56.9717
174.28 -120.942 -48.9845
179.528 -113.92 -44.1734
178.895 -109.34 -35.3066
180.21 -106.218 -25.8978
179.623 -96.2419 -26.2495
179.623 -96.2419 -26.2495
184.07 -94.1704 -17.5355
187.425 -88.9748 -9.67715
189.392 -81.2414 -3.65016
193.989 -75.1301 2.79323
193.989 -75.1301 2.79323
199.895 -74.9615 10.8612
197.68 -65.6847 13.8671
195.499 -56.0724 15.5549
198.165 -52.2584 24.4065
198.165 -52.2584 24.4065
198.165 -52.2584 24.4065
198.165 -52.2584 24.4065
195.048 -42.7901 25.2058
195.048 -42.7901 25.2058
194.004 -34.4426 30.6121
194.004 -34.4426 30.6121
192.821 -25.5615 35.0539
195.299 -15.9697 36.4169
204.144 -12.4501 39.4781
210.717 -5.99382 43.3663
217.004 0.753447 47.2331
216.424 9.9569 51.101
221.43 17.7988 47.4331
225.096 26.9914 48.8653
228.129 35.1952 44.0177
228.129 35.1952 44.0177
228.129 35.1952 44.0177
228.129 35.1952 44.0177
237.422 38.8415 43.4346
231.04 40.1935 35.8555
224.615 42.3187 28.4941
217.676 45.2464 21.9153
217.653 49.2054 12.7324
207.753 50.5324 13.2069
199.217 55.372 15.1372
207.003 49.1256 15.7368
211.027 42.203 21.7276
217.49 35.1426 24.6219
223.664 28.3817 28.6429
231.159 21.7924 29.2849
236.816 14.0258 32.0544
239.539 4.59721 30.1328
243.603 -4.04346 27.1636
247.962 -12.6506 24.5325
255.038 -17.099 19.0427
247.135 -20.1284 13.7158
239.187 -23.2796 8.53062
231.179 -26.7481 3.6477
231.179 -26.7481 3.6477
222.915 -29.8031 -1.08248
214.062 -33.5611 -3.82326
209.285 -42.0367 -6.13497
202.14 -48.1431 -9.55017
194.316 -48.8384 -15.7387
194.316 -48.8384 -15.7387
194.316 -48.8384 -15.7387
188.052 -55.9177 -19.0014
182.434 -61.2216 -25.3501
174.262 -60.371 -31.0505
167.207 -59.3407 -38.062
157.913 -59.303 -41.7528
